谷物种植	100100100	100100000	3
豆类、油料和薯类种植	100100101	100100000	3
棉、麻、糖、烟草种植	100100102	100100000	3
蔬菜、食用菌及园艺作物种植	100100103	100100000	3
水果种植	100100104	100100000	3
坚果、含油果、香料和饮料作物种植	100100105	100100000	3
中药材种植	100100106	100100000	3
其他农业	100100107	100100000	3
林木育种和育苗	100101100	100101000	3
造林和更新	100101101	100101000	3
森林经营和管护	100101102	100101000	3
木材和竹材采运	100101103	100101000	3
林产品采集	100101104	100101000	3
牲畜饲养	100102100	100102000	3
家禽饲养	100102101	100102000	3
狩猎和捕捉动物	100102102	100102000	3
其他畜牧业	100102103	100102000	3
水产养殖	100103100	100103000	3
水产捕捞	100103101	100103000	3
农业服务业	100104100	100104000	3
林业服务业	100104101	100104000	3
畜牧服务业	100104102	100104000	3
渔业服务业	100104103	100104000	3
烟煤和无烟煤开采洗选	101100100	101900000	3
褐煤开采洗选	101100101	101900000	3
其他煤炭采选	101100102	101900000	3
石油开采	101100103	101901000	3
天然气开采	101100104	101901000	3
铁矿采选	101101100	101902000	3
锰矿、铬矿采选	101101101	101902000	3
其他黑色金属矿采选	101101102	101902000	3
常用有色金属矿采选	101101103	101903000	3
贵金属矿采选	101101104	101903000	3
稀有稀土金属矿采选	101101105	101903000	3
土砂石开采	101102100	101102000	3
化学矿开采	101102101	101102000	3
采盐	101102102	101102000	3
石棉及其他非金属矿采选	101102103	101102000	3
煤炭开采和洗选辅助活动	101103100	101103000	3
石油和天然气开采辅助活动	101103101	101103000	3
其他开采辅助活动	101103102	101103000	3
其他采矿业	101104100	101104000	3
谷物磨制	102100100	102900000	3
饲料加工	102100101	102900000	3
植物油加工	102100102	102900000	3
制糖业	102100103	102900000	3
屠宰及肉类加工	102100104	102900000	3
水产品加工	102100105	102900000	3
蔬菜、水果和坚果加工	102100106	102900000	3
其他农副食品加工	102100107	102900000	3
焙烤食品制造	102100108	102901000	3
糖果、巧克力及蜜饯制造	102100109	102901000	3
方便食品制造	102100110	102901000	3
乳制品制造	102100111	102901000	3
罐头食品制造	102100112	102901000	3
调味品、发酵制品制造	102100113	102901000	3
其他食品制造	102100114	102901000	3
酒的制造	102101100	102902000	3
饮料制造	102101101	102902000	3
精制茶加工	102101102	102902000	3
烟叶复烤	102101103	102903000	3
卷烟制造	102101104	102903000	3
其他烟草制品制造	102101105	102903000	3
棉纺织及印染精加工	102102100	102904000	3
毛纺织及染整精加工	102102101	102904000	3
麻纺织及染整精加工	102102102	102904000	3
丝绢纺织及印染精加工	102102103	102904000	3
化纤织造及印染精加工	102102104	102904000	3
针织或钩针编织物及其制品制造	102102105	102904000	3
家用纺织制成品制造	102102106	102904000	3
非家用纺织制成品制造	102102107	102904000	3
机织服装制造	102102108	102905000	3
针织或钩针编织服装制造	102102109	102905000	3
服饰制造	102102110	102905000	3
皮革鞣制加工	102103100	102103000	3
皮革制品制造	102103101	102103000	3
毛皮鞣制及制品加工	102103102	102103000	3
羽毛(绒)加工及制品制造	102103103	102103000	3
制鞋业	102103104	102103000	3
木材加工	102104100	102104000	3
人造板制造	102104101	102104000	3
木制品制造	102104102	102104000	3
竹、藤、棕、草等制品制造	102104103	102104000	3
木质家具制造	102105100	102105000	3
竹、藤家具制造	102105101	102105000	3
金属家具制造	102105102	102105000	3
塑料家具制造	102105103	102105000	3
其他家具制造	102105104	102105000	3
纸浆制造	102106100	102906000	3
造纸	102106101	102906000	3
纸制品制造	102106102	102906000	3
印刷	102106103	102907000	3
装订及印刷相关服务	102106104	102907000	3
记录媒介复制	102106105	102907000	3
文教办公用品制造	102107100	102107000	3
乐器制造	102107101	102107000	3
工艺美术品制造	102107102	102107000	3
体育用品制造	102107103	102107000	3
玩具制造	102107104	102107000	3
游艺器材及娱乐用品制造	102107105	102107000	3
精炼石油产品制造	102108100	102108000	3
炼焦	102108101	102108000	3
核燃料加工	102108102	102108000	3
基础化学原料制造	102109100	102908000	3
肥料制造	102109101	102908000	3
农药制造	102109102	102908000	3
涂料、油墨、颜料及类似产品制造	102109103	102908000	3
合成材料制造	102109104	102908000	3
专用化学产品制造	102109105	102908000	3
炸药、火工及焰火产品制造	102109106	102908000	3
日用化学产品制造	102109107	102908000	3
化学药品原料药制造	102109108	102909000	3
化学药品制剂制造	102109109	102909000	3
中药饮片加工	102109110	102909000	3
中成药生产	102109111	102909000	3
兽用药品制造	102109112	102909000	3
生物药品制造	102109113	102909000	3
卫生材料及医药用品制造	102109114	102909000	3
纤维素纤维原料及纤维制造	102110100	102910000	3
合成纤维制造	102110101	102910000	3
橡胶制品业	102110102	102911000	3
塑料制品业	102110103	102911000	3
水泥、石灰和石膏制造	102110104	102912000	3
石膏、水泥制品及类似制品制造	102110105	102912000	3
砖瓦、石材等建筑材料制造	102110106	102912000	3
玻璃制造	102110107	102912000	3
玻璃制品制造	102110108	102912000	3
玻璃纤维和玻璃纤维增强塑料制品制造	102110109	102912000	3
陶瓷制品制造	102110110	102912000	3
耐火材料制品制造	102110111	102912000	3
石墨及其他非金属矿物制品制造	102110112	102912000	3
炼铁	102111100	102913000	3
炼钢	102111101	102913000	3
黑色金属铸造	102111102	102913000	3
钢压延加工	102111103	102913000	3
铁合金冶炼	102111104	102913000	3
常用有色金属冶炼	102111105	102914000	3
贵金属冶炼	102111106	102914000	3
稀有稀土金属冶炼	102111107	102914000	3
有色金属合金制造	102111108	102914000	3
有色金属铸造	102111109	102914000	3
有色金属压延加工	102111110	102914000	3
结构性金属制品制造	102111111	102915000	3
金属工具制造	102111112	102915000	3
集装箱及金属包装容器制造	102111113	102915000	3
金属丝绳及其制品制造	102111114	102915000	3
建筑、安全用金属制品制造	102111115	102915000	3
金属表面处理及热处理加工	102111116	102915000	3
搪瓷制品制造	102111117	102915000	3
金属制日用品制造	102111118	102915000	3
其他金属制品制造	102111119	102915000	3
锅炉及原动设备制造	102112100	102916000	3
金属加工机械制造	102112101	102916000	3
物料搬运设备制造	102112102	102916000	3
泵、阀门、压缩机及类似机械制造	102112103	102916000	3
轴承、齿轮和传动部件制造	102112104	102916000	3
烘炉、风机、衡器、包装等设备制造	102112105	102916000	3
文化、办公用机械制造	102112106	102916000	3
通用零部件制造	102112107	102916000	3
其他通用设备制造业	102112108	102916000	3
采矿、冶金、建筑专用设备制造	102112109	102917000	3
化工、木材、非金属加工专用设备制造	102112110	102917000	3
食品、饮料、烟草及饲料生产专用设备制造	102112111	102917000	3
印刷、制药、日化及日用品生产专用设备制造	102112112	102917000	3
纺织、服装和皮革加工专用设备制造	102112113	102917000	3
电子和电工机械专用设备制造	102112114	102917000	3
农、林、牧、渔专用机械制造	102112115	102917000	3
医疗仪器设备及器械制造	102112116	102917000	3
环保、社会公共服务及其他专用设备制造	102112117	102917000	3
汽车整车制造	102113100	102918000	3
改装汽车制造	102113101	102918000	3
低速载货汽车制造	102113102	102918000	3
电车制造	102113103	102918000	3
汽车车身、挂车制造	102113104	102918000	3
汽车零部件及配件制造	102113105	102918000	3
铁路运输设备制造	102113106	102919000	3
城市轨道交通设备制造	102113107	102919000	3
船舶及相关装置制造	102113108	102919000	3
航空、航天器及设备制造	102113109	102919000	3
摩托车制造	102113110	102919000	3
自行车制造	102113111	102919000	3
非公路休闲车及零配件制造	102113112	102919000	3
潜水救捞及其他未列明运输设备制造	102113113	102919000	3
电机制造	102114100	102920000	3
输配电及控制设备制造	102114101	102920000	3
电线、电缆、光缆及电工器材制造	102114102	102920000	3
电池制造	102114103	102920000	3
家用电力器具制造	102114104	102920000	3
非电力家用器具制造	102114105	102920000	3
照明器具制造	102114106	102920000	3
其他电气机械及器材制造	102114107	102920000	3
计算机制造	102114108	102921000	3
通信设备制造	102114109	102921000	3
广播电视设备制造	102114110	102921000	3
雷达及配套设备制造	102114111	102921000	3
视听设备制造	102114112	102921000	3
电子器件制造	102114113	102921000	3
电子元件制造	102114114	102921000	3
其他电子设备制造	102114115	102921000	3
通用仪器仪表制造	102114116	102922000	3
专用仪器仪表制造	102114117	102922000	3
钟表与计时仪器制造	102114118	102922000	3
光学仪器及眼镜制造	102114119	102922000	3
其他仪器仪表制造业	102114120	102922000	3
日用杂品制造	102115100	102115000	3
煤制品制造	102115101	102115000	3
核辐射加工	102115102	102115000	3
其他未列明制造业	102115103	102115000	3
金属废料和碎屑加工处理	102116100	102116000	3
非金属废料和碎屑加工处理	102116101	102116000	3
金属制品修理	102117100	102117000	3
通用设备修理	102117101	102117000	3
专用设备修理	102117102	102117000	3
铁路、船舶、航空航天等运输设备修理	102117103	102117000	3
电气设备修理	102117104	102117000	3
仪器仪表修理	102117105	102117000	3
其他机械和设备修理业	102117106	102117000	3
电力生产	103100100	103900000	3
电力供应	103100101	103900000	3
热力生产和供应	103100102	103900000	3
燃气生产和供应业	103100103	103901000	3
自来水生产和供应	103100104	103902000	3
污水处理及其再生利用	103100105	103902000	3
其他水的处理、利用与分配	103100106	103902000	3
房屋建筑业	104100100	104900000	3
铁路、道路、隧道和桥梁工程建筑	104100101	104901000	3
水利和内河港口工程建筑	104100102	104901000	3
海洋工程建筑	104100103	104901000	3
工矿工程建筑	104100104	104901000	3
架线和管道工程建筑	104100105	104901000	3
其他土木工程建筑	104100106	104901000	3
电气安装	104100107	104902000	3
管道和设备安装	104100108	104902000	3
其他建筑安装业	104100109	104902000	3
建筑装饰业	104100110	104903000	3
工程准备活动	104100111	104903000	3
提供施工设备服务	104100112	104903000	3
其他未列明建筑业	104100113	104903000	3
农、林、牧产品批发	105100100	105100000	3
食品、饮料及烟草制品批发	105100101	105100000	3
纺织、服装及家庭用品批发	105100102	105100000	3
文化、体育用品及器材批发	105100103	105100000	3
医药及医疗器材批发	105100104	105100000	3
矿产品、建材及化工产品批发	105100105	105100000	3
机械设备、五金产品及电子产品批发	105100106	105100000	3
贸易经纪与代理	105100107	105100000	3
其他批发业	105100108	105100000	3
综合零售	105101100	105101000	3
食品、饮料及烟草制品专门零售	105101101	105101000	3
纺织、服装及日用品专门零售	105101102	105101000	3
文化、体育用品及器材专门零售	105101103	105101000	3
医药及医疗器材专门零售	105101104	105101000	3
汽车、摩托车、燃料及零配件专门零售	105101105	105101000	3
家用电器及电子产品专门零售	105101106	105101000	3
五金、家具及室内装饰材料专门零售	105101107	105101000	3
货摊、无店铺及其他零售业	105101108	105101000	3
铁路旅客运输	106100100	106900000	3
铁路货物运输	106100101	106900000	3
铁路运输辅助活动	106100102	106900000	3
城市公共交通运输	106100103	106901000	3
公路旅客运输	106100104	106901000	3
道路货物运输	106100105	106901000	3
道路运输辅助活动	106100106	106901000	3
水上旅客运输	106100107	106902000	3
水上货物运输	106100108	106902000	3
水上运输辅助活动	106100109	106902000	3
航空客货运输	106100110	106903000	3
通用航空服务	106100111	106903000	3
航空运输辅助活动	106100112	106903000	3
管道运输业	106101100	106101000	3
装卸搬运	106102100	106102000	3
运输代理业	106102101	106102000	3
谷物、棉花等农产品仓储	106103100	106904000	3
其他仓储业	106103101	106904000	3
邮政基本服务	106103102	106905000	3
快递服务	106103103	106905000	3
旅游饭店	107100100	107900000	3
一般旅馆	107100101	107900000	3
其他住宿业	107100102	107900000	3
正餐服务	107100103	107901000	3
快餐服务	107100104	107901000	3
饮料及冷饮服务	107100105	107901000	3
其他餐饮业	107100106	107901000	3
电信	108100100	108100000	3
广播电视传输服务	108100101	108100000	3
卫星传输服务	108100102	108100000	3
互联网接入及相关服务	108101100	108901000	3
互联网信息服务	108101101	108901000	3
其他互联网服务	108101102	108901000	3
软件开发	108101103	108902000	3
信息系统集成服务	108101104	108902000	3
信息技术咨询服务	108101105	108902000	3
数据处理和存储服务	108101106	108902000	3
集成电路设计	108101107	108902000	3
其他信息技术服务业	108101108	108902000	3
中央银行服务	109100100	109900000	3
货币银行服务	109100101	109900000	3
非货币银行服务	109100102	109900000	3
银行监管服务	109100103	109900000	3
证券市场服务	109100104	109901000	3
期货市场服务	109100105	109901000	3
证券期货监管服务	109100106	109901000	3
资本投资服务	109100107	109901000	3
其他资本市场服务	109100108	109901000	3
人身保险	109100109	109903000	3
财产保险	109100110	109903000	3
再保险	109100111	109903000	3
养老金	109100112	109903000	3
保险经纪与代理服务	109100113	109903000	3
保险监管服务	109100114	109903000	3
其他保险活动	109100115	109903000	3
金融信托与管理服务	109100116	109904000	3
控股公司服务	109100117	109904000	3
非金融机构支付服务	109100118	109904000	3
金融信息服务	109100119	109904000	3
其他未列明金融业	109100120	109904000	3
房地产开发经营	110100100	110100000	3
物业管理	110100101	110100000	3
房地产中介服务	110100102	110100000	3
自有房地产经营活动	110100103	110100000	3
其他房地产业	110100104	110100000	3
机械设备租赁	111100100	111100000	3
文化及日用品出租	111100101	111100000	3
企业管理服务	111101100	111101000	3
法律服务	111101101	111101000	3
咨询与调查	111101102	111101000	3
广告业	111101103	111101000	3
知识产权服务	111101104	111101000	3
人力资源服务	111101105	111101000	3
旅行社及相关服务	111101106	111101000	3
安全保护服务	111101107	111101000	3
其他商务服务业	111101108	111101000	3
自然科学研究和试验发展	112100100	112900000	3
工程和技术研究和试验发展	112100101	112900000	3
农业科学研究和试验发展	112100102	112900000	3
医学研究和试验发展	112100103	112900000	3
社会人文科学研究	112100104	112900000	3
气象服务	112100105	112901000	3
地震服务	112100106	112901000	3
海洋服务	112100107	112901000	3
测绘服务	112100108	112901000	3
质检技术服务	112100109	112901000	3
环境与生态监测	112100110	112901000	3
地质勘查	112100111	112901000	3
工程技术	112100112	112901000	3
其他专业技术服务业	112100113	112901000	3
技术推广服务	112100114	112902000	3
科技中介服务	112100115	112902000	3
其他科技推广和应用服务业	112100116	112902000	3
防洪除涝设施管理	113100100	113900000	3
水资源管理	113100101	113900000	3
天然水收集与分配	113100102	113900000	3
水文服务	113100103	113900000	3
其他水利管理业	113100104	113900000	3
生态保护	113100105	113901000	3
环境治理业	113100106	113901000	3
市政设施管理	113100107	113902000	3
环境卫生管理	113100108	113902000	3
城乡市容管理	113100109	113902000	3
绿化管理	113100110	113902000	3
公园和游览景区管理	113100111	113902000	3
家庭服务	114100100	114900000	3
托儿所服务	114100101	114900000	3
洗染服务	114100102	114900000	3
理发及美容服务	114100103	114900000	3
洗浴服务	114100104	114900000	3
保健服务	114100105	114900000	3
婚姻服务	114100106	114900000	3
殡葬服务	114100107	114900000	3
其他居民服务业	114100108	114900000	3
汽车、摩托车修理与维护	114100109	114901000	3
计算机和办公设备维修	114100110	114901000	3
家用电器修理	114100111	114901000	3
其他日用产品修理业	114100112	114901000	3
清洁服务	114101100	114101000	3
其他未列明服务业	114101101	114101000	3
学前教育	115100100	115100000	3
初等教育	115100101	115100000	3
中等教育	115100102	115100000	3
高等教育	115100103	115100000	3
特殊教育	115100104	115100000	3
技能培训、教育辅助及其他教育	115100105	115100000	3
医院	116100100	116900000	3
社区医疗与卫生院	116100101	116900000	3
门诊部（所）	116100102	116900000	3
计划生育技术服务活动	116100103	116900000	3
妇幼保健院（所、站）	116100104	116900000	3
专科疾病防治院（所、站）	116100105	116900000	3
疾病预防控制中心	116100106	116900000	3
其他卫生活动	116100107	116900000	3
提供住宿社会工作	116100108	116901000	3
不提供住宿社会工作	116100109	116901000	3
新闻业	117100100	117900000	3
出版业	117100101	117900000	3
广播	117100102	117901000	3
电视	117100103	117901000	3
电影和影视节目制作	117100104	117901000	3
电影和影视节目发行	117100105	117901000	3
电影放映	117100106	117901000	3
录音制作	117100107	117901000	3
文艺创作与表演	117101100	117902000	3
艺术表演场馆	117101101	117902000	3
图书馆与档案馆	117101102	117902000	3
文物及非物质文化遗产保护	117101103	117902000	3
博物馆	117101104	117902000	3
烈士陵园、纪念馆	117101105	117902000	3
群众文化活动	117101106	117902000	3
其他文化艺术业	117101107	117902000	3
体育组织	117101108	117903000	3
体育场馆	117101109	117903000	3
休闲健身活动	117101110	117903000	3
其他体育	117101111	117903000	3
室内娱乐活动	117101112	117904000	3
游乐园	117101113	117904000	3
彩票活动	117101114	117904000	3
文化、娱乐、体育经纪代理	117101115	117904000	3
其他娱乐业	117101116	117904000	3
中国共产党机关	118100100	118900000	3
国家权力机构	118100101	118901000	3
国家行政机构	118100102	118901000	3
人民法院和人民检察院	118100103	118901000	3
其他国家机构	118100104	118901000	3
人民政协	118100105	118902000	3
民主党派	118100106	118902000	3
社会保障	118100107	118903000	3
群众团体	118101100	118904000	3
社会团体	118101101	118904000	3
基金会	118101102	118904000	3
宗教组织	118101103	118904000	3
社区自治组织	118101104	118905000	3
村民自治组织	118101105	118905000	3
国际组织	119100100	119100000	3
农业	100100000	100000000	2
林业	100101000	100000000	2
畜牧业	100102000	100000000	2
渔业	100103000	100000000	2
农、林、牧、渔服务业	100104000	100000000	2
石油、天燃气、煤炭采选业	101100000	101000000	2
金属矿开采业	101101000	101000000	2
非金属矿采选业	101102000	101000000	2
开采辅助活动	101103000	101000000	2
其他采矿业	101104000	101000000	2
食品、农副食品加工制造业	102100000	102000000	2
烟、酒、茶、饮料制造业	102101000	102000000	2
纺织、服饰业	102102000	102000000	2
皮革、毛皮、羽毛及其制品和制鞋业	102103000	102000000	2
木材加工和木、竹、藤、棕、草制品业	102104000	102000000	2
家具制造业	102105000	102000000	2
造纸、印刷业	102106000	102000000	2
文教、工美、体育和娱乐用品制造业	102107000	102000000	2
石油加工、炼焦和核燃料加工业	102108000	102000000	2
医疗、化学制品制造业 	102109000	102000000	2
非金属物制品业	102110000	102000000	2
金属冶炼和压延加工制造业	102111000	102000000	2
设备制造业	102112000	102000000	2
海陆空和其他运输设备制造业	102113000	102000000	2
电器、电子及相关设备制造业	102114000	102000000	2
其他制造业	102115000	102000000	2
废弃资源综合利用业	102116000	102000000	2
金属制品、机械和设备修理业	102117000	102000000	2
水、电、燃气、热力生产和供应业	103100000	103000000	2
建筑业	104100000	104000000	2
批发业	105100000	105000000	2
零售业	105101000	105000000	2
交通运输业	106100000	106000000	2
管道运输业	106101000	106000000	2
装卸搬运和运输代理业	106102000	106000000	2
仓储、邮政业	106103000	106000000	2
住宿和餐饮业	107100000	107000000	2
电信、广播电视和卫星传输服务	108100000	108000000	2
互联网和相关技术服务	108101000	108000000	2
金融业	109100000	109000000	2
房地产业	110100000	110000000	2
租赁业	111100000	111000000	2
商务服务业	111101000	111000000	2
科学研究和技术服务业	112100000	112000000	2
水利、环境和公共设施管理业	113100000	113000000	2
居民服务和修理业	114100000	114000000	2
其他服务业	114101000	114000000	2
教育	115100000	115000000	2
卫生和社会工作	116100000	116000000	2
广播、电视新闻和出版业	117100000	117000000	2
文体娱乐业	117101000	117000000	2
国家机关、福利机构	118100000	118000000	2
民间团体组织	118101000	118000000	2
国际组织	119100000	119000000	2
农、林、牧、渔业	100000000	0	1
采矿业	101000000	0	1
制造业	102000000	0	1
电力、热力、燃气及水生产和供应业	103000000	0	1
建筑业	104000000	0	1
批发和零售业	105000000	0	1
交通运输、仓储和邮政业	106000000	0	1
住宿和餐饮业	107000000	0	1
信息传输、软件和信息技术服务业	108000000	0	1
金融业	109000000	0	1
房地产业	110000000	0	1
租赁和商务服务业	111000000	0	1
科学研究和技术服务业	112000000	0	1
水利、环境和公共设施管理业	113000000	0	1
居民服务、修理和其他服务业	114000000	0	1
教育	115000000	0	1
卫生和社会工作	116000000	0	1
文化、体育和娱乐业	117000000	0	1
公共管理、社会保障和社会组织	118000000	0	1
国际组织	119000000	0	1
煤炭开采和洗选业	101900000	101000000	2
石油和天然气开采业	101901000	101000000	2
黑色金属矿采选业	101902000	101000000	2
有色金属矿采选业	101903000	101000000	2
农副食品加工业	102900000	102000000	2
食品制造业	102901000	102000000	2
酒、饮料和精制茶制造业	102902000	102000000	2
烟草制品业	102903000	102000000	2
纺织业	102904000	102000000	2
纺织服装、服饰业	102905000	102000000	2
造纸和纸制品业	102906000	102000000	2
印刷和记录媒介复制业	102907000	102000000	2
化学原料和化学制品制造业	102908000	102000000	2
医药制造业	102909000	102000000	2
化学纤维制造业	102910000	102000000	2
橡胶和塑料制品业	102911000	102000000	2
非金属矿物制品业	102912000	102000000	2
黑色金属冶炼和压延加工业	102913000	102000000	2
有色金属冶炼和压延加工业	102914000	102000000	2
金属制品业	102915000	102000000	2
通用设备制造业	102916000	102000000	2
专用设备制造业	102917000	102000000	2
汽车制造业	102918000	102000000	2
铁路、船舶、航空航天和其他运输设备制造业	102919000	102000000	2
电气机械和器材制造业	102920000	102000000	2
计算机、通信和其他电子设备制造业	102921000	102000000	2
仪器仪表制造业	102922000	102000000	2
电力、热力生产和供应业	103900000	103000000	2
燃气生产和供应业	103901000	103000000	2
水的生产和供应业	103902000	103000000	2
房屋建筑业	104900000	104000000	2
土木工程建筑业	104901000	104000000	2
建筑安装业	104902000	104000000	2
建筑装饰和其他建筑业	104903000	104000000	2
铁路运输业	106900000	106000000	2
道路运输业	106901000	106000000	2
水上运输业	106902000	106000000	2
航空运输业	106903000	106000000	2
仓储业	106904000	106000000	2
邮政业	106905000	106000000	2
住宿业	107900000	107000000	2
餐饮业	107901000	107000000	2
互联网和相关服务	108901000	108000000	2
软件和信息技术服务业	108902000	108000000	2
货币金融服务	109900000	109000000	2
资本市场服务	109901000	109000000	2
保险业	109903000	109000000	2
其他金融业	109904000	109000000	2
研究和试验发展	112900000	112000000	2
专业技术服务业	112901000	112000000	2
科技推广和应用服务业	112902000	112000000	2
水利管理业	113900000	113000000	2
生态保护和环境治理业	113901000	113000000	2
公共设施管理业	113902000	113000000	2
居民服务业	114900000	114000000	2
机动车、电子产品和日用产品修理业	114901000	114000000	2
卫生	116900000	116000000	2
社会工作	116901000	116000000	2
新闻和出版业	117900000	117000000	2
广播、电视、电影和影视录音制作业	117901000	117000000	2
文化艺术业	117902000	117000000	2
体育	117903000	117000000	2
娱乐业	117904000	117000000	2
中国共产党机关	118900000	118000000	2
国家机构	118901000	118000000	2
人民政协、民主党派	118902000	118000000	2
社会保障	118903000	118000000	2
群众团体、社会团体和其他成员组织	118904000	118000000	2
基层群众自治组织	118905000	118000000	2
